simulink
K=150;
T1 = 480;
T2 = 1440;
T=1.5;